9802087276135925
9802068724245722
9802059602086445
9802006627124180
9802015190315158
9802027163263059
9802051798748987
9802070608237189
9802003380933618
9802084232064208
9802049792608314
9802067734872475
9802041432586299
9802045100074488
9802077564104485
9802029001788321
9802009611341877
9802041429365665
9802040638016788
9802006256334209
9802077439590124
9802066987603579
9802083833436377
9802034774467681
9802055761415441
9802018118529272
9802088665519539
9802069859429339
9802047529222367
9802017808805570
9802068440469192
9802036645609334
9802001401606189
9802076204310197
9802030883445428
9802097386969923
9802081679601757
9802063926050475
9802017061957084
9802063266608122
9802019713270189
9802087628540749
9802096476238603
9802015194221311
9802035516058936
9802063753493491
9802096912871330
9802083121924381
9802015475261978
9802079580612137
9802048402565708
9802094658136091
9802040367701568
9802065927507023
9802021263582039
9802041791663259
9802083202153363
9802060893419675
9802030604588688
9802081013739883
9802015654047644
9802080535336558
9802017200151284
9802075108304181
9802019945822435
9802065055730124
9802063217794864
9802094852921975
9802009558546611
9802021516522733
9802064275961171
9802081404678047
9802046672208546
9802048419117295
9802065399256927
9802077768397620
9802045380904859
9802047760226598
9802040911661565
9802064019176094
9802065298354856
9802012461085206
9802010793171330
9802062840168256
9802048816427750
9802010694486407
9802005272805895
9802045983089892
9802018298498561
9802034963837645
9802081315687152
9802041097505337
9802038048014161
9802008594682638
9802090694478554
9802086282869873
9802077164823419
9802005063896111
9802080886200403
9802069600246776
9802059415563473
9802044997599111
9802021173810249
9802003056801230
9802091848963327
9802023408216135
9802018770153866
9802066791399323
9802014118113191
9802089648723586
9802014166133836
9802056203549813
9802065321586938
9802039080904863
9802026557453227
9802070516037275
9802042576319430
9802058814506281
9802005270950412
9802043177885506
9802065197801767
9802068764055841
9802039698949441
9802007600661016
9802080954729994
9802084794560510
9802050250630584
9802076635152408
9802026171794659
9802022625635945
9802079612310130
9802010931143217
9802002857019737
9802046940747887
9802017068463748
9802084397821723
9802033892518086
9802030550469404
9802076718711922
9802085863486115
9802096299528354
9802036899610095
9802060187308568
9802004920267087
9802037583037264
9802002469400861
9802062700656291
9802049315912680
9802035458556061
9802001953973136
9802082049619362
9802050922112847
9802075447223373
9802039423494325
9802004146396199
9802037578749220
9802009705413103
9802066989835989
9802016359322670
9802024611646407
9802052198443534
9802029261213861
9802034991112433
9802073987122758
9802068708379190
9802045007637650
9802024016219677
9802098445823994
9802099426283349
9802054801857027
9802004333816694
9802014654387175
9802071096728325
9802019890132780
9802055407378144
9802071254524672
9802064541448599
9802066054282778
9802084912792961
9802010411914046
9802065892182430
9802006065901503
9802083012436198
9802027805662833
9802048026622687
9802039016469486
9802051809345864
9802042329576955
9802058050082492
9802055817771425
9802090774401427
9802025360468034
9802077099054767
9802006742224840
9802012163717569
9802046084116014
9802005747429248
9802084136917824
9802079596187546
9802056672447804
9802001829861572
9802080863787042
9802032142560450
9802090516325561
9802008937741190
9802083801002938
9802073777809648
9802044317057121
9802018617037355
9802067630370046
9802024422508697
9802039615335237
9802006850837052
9802072247561565
9802029013215370
9802091575287676
9802093910422562
9802046989451813
9802085963886339
9802026710445979
9802064745699047
9802005484511786
9802068638527686
9802085005006482
9802084372928816
9802059625788282
9802074630054976
9802047142217844
9802021168007777
9802091843288894
9802008470979207
9802090869457250
9802031152741364
9802057783158090
9802018526989613
9802005337147200
9802031581180804
9802068917484005
9802084778880124
9802099792839401
9802056147690970
9802057322358623
9802020296488156
9802073454945681
9802070845922593
9802055983077813
9802005304673949
9802079172477808
9802087592078510
9802082837700713
9802021001973292
9802076885915819
9802031347211000
9802085661508912
9802045289474426
9802017475812255
9802039832370223
9802070155390647
9802053336795306
9802085939027018
9802044084640836
9802019584214241
9802075056029673
9802059465877583
9802063258091402
9802037487363246
9802024163298623
9802031047206953
9802058845108255
9802025362404946
9802000914980404
9802027266668709
9802016443857012
9802089228638253
9802031280857363
9802009085934819
9802053726494205
9802043904086931
9802061862258482
9802060207878699
9802084812098469
9802035578192714
9802029542897268
9802025619329524
9802007151052938
9802058394576860
9802019493908347
9802018843453079
9802060722464355
9802056673216034
9802037117101933
9802066942852980
9802097403948553
9802058745094662
9802098213434479
9802080677527493
9802007168049158
9802009092942920
9802005647215440
9802060297599833
9802085532326122
9802082984303766
9802014552148000
9802028624125838
9802090727330475
9802008827418958
9802016779249792
9802012327845686
9802066505637992
9802009069251644
9802058934913961
9802028958941859
9802034841883175
9802098772651844
9802037580319434
9802037136772151
9802099816244752
9802078756368912
9802030722484042
9802076268033685
9802035425936735
9802040317495196
9802020859006858
9802018963852472
9802041975327887
9802023058965627
9802041379925476
9802068951384699
9802037428499596
9802024351985783
9802036837200942
9802067802199413
9802010778590322
9802054237674525
9802008435130227
9802079110977000
9802040724802935
9802013856111813
9802008152580109
9802061696434663
9802073852909016
9802069769907143
9802073992182847
9802063815286438
9802054480290094
9802030769474443
9802098987246141
9802026206658374
9802009899424817
9802064615873821
9802049588221678
9802042556965459
9802094605140204
9802095633168422
9802099893106551
9802026226050172
9802075496982671
9802046298355747
9802082714162177
9802038507184232
9802046279292992
9802035860391586
9802097903645469
9802074793633319
9802013683254869
9802009901681172
9802029552552373
9802073758854126
9802000975755588
9802089268142331
9802032313547609
9802000717526552
9802044303853509
9802083041246568
9802052001170829
9802027222166194
9802020690597099
9802038136739299
9802048469896889
9802088718446508
9802013344889210
9802095399633577
9802005683591720
9802087153831869
9802084308917586
9802062741040323
9802031527880939
9802018123629521
9802063150063830
9802025088700064
9802087023736694
9802052262359723
9802073375934723
9802046153955441
9802056579286511
9802005317802261
9802085734880553
9802016525215667
9802008037026070
9802077202338974
9802049878873063
9802050309876428
9802038410467781
9802048077416658
9802045365100549
9802054151668297
9802085931290069
9802060007617040
9802007462600003
9802027248163365
9802078341695571
9802044105744245
9802027024718002
9802001239139544
9802052788818491
9802096547770519
9802020502161779
9802078571627898
9802010766001605
9802001259841532
9802078562712444
9802060581661109
9802088473808520
9802015057090027
9802066813778140
9802035384981854
9802045050115059
9802039078718150
9802070968349772
9802056123388359
9802038992163642
9802013710487714
9802062181839630
9802051871509108
9802015195758170
9802014389704975
9802023797474972
9802080481174656
9802032021988327
9802048332359131
9802099569712914
9802093045607640
9802044934978139
9802073066452217
9802005941082587
9802050935344007
9802095156108581
9802096038230338
9802041971858901
9802043628859845
9802012515579055
9802026624399718
9802026900308144
9802070072892576
9802032296833174
9802037455615205
9802067497526425
9802052843732166
9802073082775161
9802019661648873
9802006006474933
9802067021669329
9802047555496281
9802021589746599
9802084414206593
9802077850870716
9802012536196269
9802082203259237
9802018674811783
9802051836428451
9802047017885022
9802074450966861
9802004792994487
9802051940125993
9802059853431985
9802006035903555
9802004743847446
9802002002134258
9802047860720474
9802046593909768
9802083521623872
9802096762313151
9802049163756973
9802009457742626
9802082615913033
9802097534837725
9802006941524719
9802020316423001
9802017752920078
9802060350967638
9802071092189464
9802014244362209
9802028435732889
9802029488983767
9802088037128472
9802087422092111
9802093544681369
9802061680614502
9802037669915979
9802095243627205
9802003757897834
9802067924323321
9802069831835082
9802065875073598
9802097034113197
9802018307794463
9802040454423886
9802050001035521
9802074948316497
9802076121046726
9802017214423455
9802034387798589
9802065032783519
9802062143584605
9802050167303887
9802052118997049
9802000411970056
9802037095461440
9802051895981135
9802043706570686
9802037520283831
9802032689006909
9802009156893555
9802040811450192
9802041317604811
9802045565657272
9802079682084938
9802030580865563
9802016226087209
9802094148131637
9802007396145281
9802013787392177
9802042237197688
9802087507137351
9802092515588983
9802073455805660
9802047245332490
9802060882045671
9802074331194832
9802074432806979
9802010953920294
9802021430771598
9802066315211160
9802019980683064
9802071448718651
9802069764818667
9802008804417155
9802048337463821
9802087292254957
9802005316021830
9802085725114079
9802011635871715
9802035025285640
9802023331049447
9802035548599832
9802032554862709
9802011937641618
9802009197146971
9802030548111639
9802086582057658
9802056328813938
9802092745943909
9802011397098689
9802027639913295
9802009921091873
9802057397141409
9802078960728125
9802019999205925
9802018577241716
9802066092479014
9802032649398800
9802010574989645
9802060624351692
9802082982342303
9802075927211831
9802051387192506
9802093268089013
9802031160122847
9802046720442790
9802044137271118
9802074842789963
9802034852106540
9802099603139215
9802041194572982
9802090305431570
9802048184012317
9802070920318923
9802077008540997
9802093228339599
9802044112005689
9802017156785945
9802045670687347
9802057645463522
9802033558428232
9802049151408702
9802044210883128
9802074956617042
9802066234527225
9802097520378890
9802065149976709
9802092699105455
9802063121163701
9802007712313324
9802037388303887
9802007765239061
9802075354459127
9802028622799535
9802037239926860
9802010043314763
9802008787542946
9802063595345784
9802091846252384
9802052299818592
9802022660610084
9802085663080324
9802078033405826
9802024600185979
9802093986566714
9802071923266861
9802030980868902
9802054631953137
9802050502887719
9802009966100670
9802043821098050
9802042145033959
9802040122574540
9802028179864880
9802030421324697
9802035030747907
9802050358456544
9802078460681964
9802011550329699
9802050745004361
9802096456201514
9802021810225686
9802097043631270
9802001653055226
9802071892022402
9802025793621845
9802040299594982
9802048320651309
9802034827942714
9802060587389432
9802094689626920
9802036500947332
9802014808156906
9802075734260567
9802012186132135
9802061137531952
9802048195676779
9802012047654038
9802057807377916
9802072029691291
9802004294257284
9802050973764926
9802094170360401
9802055322857594
9802065154464344
9802096493642829
9802082111817076
9802056671205369
9802034233305191
9802077707348932
9802050434551573
9802051298700330
9802072022847817
9802051265781040
9802006530404828
9802010191588069
9802041188249514
9802010367809315
9802046229711190
9802018987471978
9802001166543247
9802023729847592
9802001999812397
9802061053420404
9802015676060609
9802074409772147
9802016409764715
9802077322502830
9802055373861214
9802048764945928
9802099460074596
9802016588124780
9802028839229631
9802036918362678
9802011435957912
9802066725351879
9802054848341894
9802086226074713
9802072995586145
9802070481720525
9802011699647647
9802006138007692
9802026480861686
9802021153901240
9802056502410105
9802081700653496
9802083825682046
9802048270653404
9802042364672982
9802097159497763
9802073370483916
9802070113740503
9802060088123926
9802089135832916
9802095535129951
9802080900855356
9802014297251267
9802046681385855
9802090396548316
9802084174893473
9802009871070489
9802052563762831
9802065596253065
9802082808410045
9802038307596007
9802048420162454
9802094249284756
9802002338772656
9802076904110806
9802085523816214
9802023832308953
9802022473504151
9802007345603711
9802057353612237
9802018955819018
9802010015371874
9802092267214598
9802040541886970
9802024725512883
9802046653643190
9802038647472778
9802093177625212
9802076684619299
9802084284384975
9802046275634254
9802088096421354
9802073840023805
9802054586063163
9802054691642299
9802016213478239
9802082264757954
9802079856101948
9802017963325380
9802070270140166
9802081266638964
9802088505881271
9802015648201042
9802032929032038
9802087588099959
9802012969881395
9802060414202105
9802006003295604
9802079275082224
9802011094760599
9802070908837266
9802027824523420
9802018796160002
9802065248321617
9802060959958582
9802049149242197
9802037279009403
9802023824188801
9802014070106225
9802013148756995
9802005626554157
9802088255095577
9802052239226542
9802058843693126
9802085446309040
9802067098288615
9802095554711002
9802077446623017
9802069986899842
9802014743406713
9802082036119418
9802010535391659
9802067788065307
9802050874330561
9802064406804639
9802092686607976
9802074110576753
9802090014961487
9802057682568100
9802000470514563
9802011940273086
9802058243212378
9802007867631835
9802084769049333
9802033730041044
9802018802044844
9802017775247194
9802062152656005
9802099991546898
9802090039122255
9802093959534178
9802088674403758
9802086015308132
9802012898386615
9802001848194641
9802022537712931
9802011555814331
9802083289566644
9802095264737693
9802049746687653
9802009541767852
9802058018188415
9802077612215739
9802009803148668
9802014998120142
9802050822578238
9802043590206389
9802027243446898
9802041224892855
9802065943072606
9802045630655046
9802056555597873
9802071810615626
9802053730712725
9802022488779566
9802090504676546
9802029160460944
9802092089956038
9802050982657103
9802085866036651
9802094624805217
9802000290683366
9802035483841322
9802049666636268
9802052037110351
9802039680436621
9802099438632525
9802085774040274
9802086149245994
9802062370391070
9802087674747909
9802009688776641
9802002873200626
9802063026120426
9802020217301363
9802086034348572
9802085968197146
9802031177487407
9802000878623495
9802036580074742
9802051888326025
9802093278414938
9802025411376467
9802092539820594
9802083392060113
9802050230400983
9802081369220736
9802077052122395
9802026206723947
9802088949959329
9802029799385595
9802079511408332
9802036957899747
9802002590032211
9802002110250657
9802015456815727
9802081776898256
9802089242330499
9802098553560479
9802000935783100
9802048243888608
9802097799344599
9802021161069170
9802080629938012
9802072459184742
9802002433671167
9802018709103818
9802062019722107
9802092105276411
9802016852429790
9802054748276653
9802010708743462
9802040527851519
9802015264516558
9802027963044014
9802041388203667
9802049450764920
9802096775380932
9802056071378543
9802008538159818
9802046683857042
9802038050498146
9802099602426035
9802023277458065
9802009131445729
9802023784865810
9802090202759271
9802052171805477
9802071133747569
9802009872102588
9802058913311179
9802087325099841
9802054846571682
9802013103196757
9802003879403693
9802019617546411
9802017845150279
9802048561343053
9802053146433254
9802037358116053
9802079371847355
9802088287374792
9802085456178699
9802072163188419
9802027440972258
9802082799022189
9802089806208107
9802014554035221
9802092404300805
9802091277001565
9802069841919462
9802022135082935
9802090595420887
9802071108280786
9802039559792286
9802058744826080
9802040422580106
9802046208877897
9802063675775215
9802058208692499
9802033303748702
9802043619823990
9802066579975039
9802087532051239
9802028002619741
9802078574992208
9802017291584476
9802098226621039
9802049938655161
9802004585186762
9802018551882741
9802035259379192
9802011538767820
9802083696578000
9802012130185999
9802041210197707
9802021560835205
9802095088791892
9802068069491766
9802096162117772
9802011396223833
9802046461796958
9802053780918065
9802086275884434
9802018199887631
9802045327087610
9802043922624846
9802063874775149
9802010407206084
9802042776285738
9802064376443012
9802034266035418
9802070302196806
9802099429494877
9802052816023189
9802044998016420
9802086348406413
9802081310425293
9802050426973876
9802041056178084
9802077438336321
9802077627012147
9802083476832114
9802023270631072
9802095477490098
9802043963036108
9802063197416967
9802008863926831
9802082803222775
9802004121252268
9802006129464878
9802000137001756
9802076852735190
9802024802383323
9802035430210431
9802019582093423
9802025044009667
9802077128526207
9802063163742941
9802045476188938
9802003719976098
9802090598555622
9802040989419920
9802067785594002
9802029902360261
9802087572673645
9802049453200823
9802056916605258
9802033540509867
9802038389866989
9802099975670714
9802049976976735
9802013373753477
